[126 126 332 272 325 261 324 290 295 291 234 250 264 313 242 285 286 354
 249 303 366 214 379 288 263 269 265 344 294 322 245 239 296 316 280 257
 448 310 285 310 355 288 355 271 305 236 263 326 358 258 274 304 356 300
 272 262 305 304 310 322 305 364 320 305 294 256 250 269 307 264 297 232
 316 282 250 293 248 269 280 328 277 276 304 310 287 264 278 342 338 298
 277 243 260 340 305 298 281 260 290 256 282 267 282 316 344 300 327 389
 311 370 337 316 365 314 314 285 389 284 334 313 345 372 383 321 304 315
 307 350 396 409 291 278 358 411 323 304 355 298 304 331 316 339 371 322
 300 394 330 329 364 288 333 297 320 294 323 290 389 300 299 285 343 320
 287 371 321 360 293 339 307 406 359 330 342 302 314 321 322 309 273 315
 303 353 365 321 377 275 312 314 297 321 347 307 309 311 311 267 364 283
 294 349 331 355 339 337 339 318 287 283 318 363 323 361 329 280 349 323
 302 320 292 311 326 331 306 261 309 326 307 281 302 340 266 329 303 303
 286 329 335 368 299 261 292 256 309 369 316 304 336 301 380 325 374 297
 341 289 283 341 324 309 317 299 302 302 302 299 444 299 326 326 322 290
 314 308 310 324 302 417 352 428 361 368 349 305 363 279 275 361 329 363]