[127 126 322 262 316 249 312 284 284 284 226 239 256 303 235 274 275 345
 236 291 353 203 370 282 251 260 258 332 281 310 232 226 281 298 262 240
 430 292 267 294 339 271 344 254 291 220 248 312 344 242 255 288 341 280
 250 243 283 282 292 303 278 341 297 278 269 231 227 244 281 238 272 208
 295 257 231 267 226 247 255 309 251 253 280 285 263 240 257 321 312 271
 254 218 234 308 276 268 250 230 260 227 251 231 247 282 306 258 279 342
 259 317 278 257 311 262 263 228 335 226 273 254 286 313 328 266 244 257
 252 297 345 358 242 228 309 362 274 258 311 253 254 285 266 289 321 265
 236 330 258 256 302 232 279 243 266 240 272 237 334 243 243 230 283 264
 232 316 269 307 242 287 252 354 304 280 287 252 261 265 267 262 222 260
 251 300 313 270 321 222 257 263 243 269 298 253 256 262 259 219 318 235
 246 297 284 305 293 291 291 275 247 240 273 292 284 321 290 241 311 283
 262 280 253 275 289 291 270 226 276 289 273 248 273 304 234 302 272 274
 257 301 308 342 272 237 266 229 287 345 292 280 314 280 357 303 349 274
 320 268 262 318 304 289 297 282 283 285 282 280 426 281 307 312 306 272
 297 291 293 306 285 396 336 411 350 351 337 290 348 266 259 349 316 353]