[127 127 336 280 330 263 329 300 298 300 240 252 272 321 253 296 298 366
 260 317 379 224 390 299 273 282 276 356 306 338 260 253 315 337 299 279
 472 330 309 330 373 303 375 288 320 250 279 344 376 273 291 317 374 317
 288 282 322 322 330 343 323 384 341 323 312 274 267 290 325 283 317 250
 334 296 267 303 265 284 294 342 289 289 320 318 302 276 294 357 352 311
 297 259 275 351 320 314 295 276 304 269 299 278 295 332 359 314 339 403
 324 378 345 323 376 326 322 290 396 290 337 318 351 377 390 325 303 320
 309 352 396 411 291 280 363 410 323 308 356 300 304 327 314 343 371 320
 300 393 325 323 362 284 330 294 317 288 323 286 384 293 293 279 332 315
 286 366 318 358 292 334 303 402 352 327 336 298 306 315 318 302 265 309
 295 347 362 315 368 268 304 309 287 312 338 299 299 304 303 262 358 274
 290 342 325 348 333 331 331 313 286 277 311 329 315 358 325 274 344 320
 294 312 288 308 322 325 301 257 304 321 300 275 296 332 261 327 297 299
 282 324 332 367 297 261 287 254 307 367 313 303 334 300 376 319 369 295
 336 285 276 340 323 304 315 298 298 299 297 296 442 295 326 327 319 287
 313 305 310 320 298 412 352 424 361 365 348 304 361 279 279 362 329 363]