126 126 109 107 109 108 107 107 108 107 108 106 106 110 107 108 109 107
 109 109 109 107 109 108 108 108 108 109 107 109 109 109 111 108 109 108
 111 111 109 109 112 108 111 108 109 109 109 112 115 110 113 110 111 110
 109 108 110 109 110 110 108 110 110 109 112 107 108 108 108 109 108 108
 111 107 108 109 108 106 108 109 109 108 110 109 109 107 106 108 110 105
 108 107 107 110 109 108 109 108 108 109 110 111 110 110 109 108 110 109
 107 109 108 108 111 109 111 110 113 108 109 108 109 108 109 108 108 108
 108 109 109 109 108 107 108 110 107 108 109 106 109 107 106 110 108 107
 107 107 109 108 108 107 106 107 108 106 108 107 109 108 106 106 108 106
 107 107 107 110 107 109 108 107 109 107 107 108 107 107 109 105 108 107
 107 110 108 108 109 105 108 107 107 108 108 107 109 106 109 107 109 108
 110 112 114 126 154 154 154 154 148 129 118 115 117 117 115 111 110 108
 108 109 112 111 112 114 112 110 108 108 109 108 108 112 109 114 114 115
 130 153 153 153 146 147 149 120 118 119 117 123 122 122 131 129 133 127
 120 122 113 109 109 106 109 108 107 110 108 108 115 108 111 110 109 110
 109 108 109 108 110 110 109 111 107 110 111 108 111 109 109 116 115 116
   0
