[126 126 127 123 112 110 109 107 109 109 109 108 108 110 107 109 110 109
 110 112 127 262 285 268 177 114 110 110 108 112 107 109 111 110 111 113
 176 261 273 247 143 118 121 122 121 119 115 120 151 429 467 432 245 119
 114 112 113 112 112 112 111 112 111 110 111 107 108 109 109 109 109 109
 114 111 111 110 108 109 109 110 109 108 112 110 111 111 109 112 113 110
 112 112 118 126 265 452 457 407 200 120 114 114 112 113 113 115 117 121
 167 220 219 200 155 116 114 112 114 111 111 112 113 115 114 113 111 113
 111 113 113 113 110 110 110 113 110 110 111 109 111 110 109 111 109 110
 110 108 109 109 109 109 110 109 111 109 112 109 111 111 108 109 111 110
 112 116 127 189 192 193 195 145 170 186 183 179 160 129 123 116 118 112
 112 124 134 133 133 130 126 160 218 217 212 211 154 143 207 332 347 335
 336 232 165 177 343 393 397 390 354 248 270 239 225 240 167 130 121 113
 111 111 113 114 124 163 210 212 220 300 346 302 295 312 265 247 390 497
 465 462 475 322 187 147 130 121 139 168 170 166 171 165 138 121 123 126
 146 209 279 314 296 305 288 223 166 157 163 157 152 152 150 130 118 115
 113 111 111 115 118 118 117 122 117 114 112 110 111 109 107 111 109 109
   0]