[126 126 840 842 240 143 126 121 119 126 126 125 117 116 115 116 119 122
 126 140 209 926 923 925 796 181 147 136 132 133 129 131 135 136 141 152
 379 779 844 873 283 164 145 144 140 139 140 152 215 920 927 930 888 165
 137 127 126 122 121 120 118 119 118 117 117 114 115 115 115 116 113 113
 118 116 116 115 113 112 115 116 115 114 114 113 115 115 114 115 116 114
 119 122 146 167 615 919 924 925 612 156 131 125 119 117 120 125 136 147
 350 595 639 618 371 137 123 118 117 115 114 112 114 113 115 113 112 112
 111 114 114 112 117 119 121 122 114 110 112 110 111 110 109 112 110 110
 110 109 109 108 111 109 112 112 114 111 113 110 111 112 111 112 114 113
 119 131 193 447 444 474 524 258 201 205 202 217 181 137 127 125 126 117
 124 173 207 204 221 198 152 198 274 265 278 281 178 185 354 546 544 578
 581 315 212 309 670 727 715 842 698 531 603 526 571 588 299 166 133 121
 116 115 117 124 146 207 268 261 320 449 467 389 409 442 335 358 553 642
 600 675 638 374 204 150 154 183 290 444 407 420 497 388 231 160 145 160
 211 327 430 454 453 480 420 284 198 188 201 184 188 199 180 142 125 118
 115 114 115 120 123 121 124 127 118 115 112 109 112 109 108 112 109 110
   0]