Gráfica del diodo
12/11/2025
2:50 p. m.
Corriente mA        Voltaje V
0.0	0.0
0.0	0.0
0.0	0.0
0.029304028	0.009670329
0.0	0.025787546
0.03907204	0.028205128
0.1074481	0.04835165
0.15140414	0.049963368
0.0	0.07010989
0.0024419842	0.07575091
0.090354088	0.086227108
0.07814409	0.10153846
0.036630036	0.11684982
0.04395608	0.10637363
0.07570208	0.13619048
0.0	0.12813186
0.03174602	0.15472527
0.15140416	0.16600732
0.11477416	0.1934066
0.065934024	0.20307692
0.25396828	0.21032966
-0.024420022	0.1934066
0.07570206	0.23128204
0.0024420292	0.22886448
0.18803408	0.2707692
0.13919424	0.25787548
0.017093978	0.2715751
0.11233218	0.30622712
0.119658224	0.31025642
0.065934024	0.31186812
0.019536054	0.30380952
0.15384619	0.35216116
0.1221002	0.361025668
0.188034132	0.376337
-0.031745884	0.35296704
0.0683761	0.370695968
0.097680088	0.360219768
0.19291828	0.42549452
0.122100116	0.43999996
0.22222228	0.45128204
0.19536026	0.46014652
0.056165996	0.47223444
0.07326007	0.448864436
0.07326007	0.498022
0.10500613	0.5117216
0.11233208	0.50285716
0.12942626	0.52380956
0.08302819	0.5407326
0.019536234	0.532674
0.14896212	0.55201464
0.18803424	0.5753846
0.18315026	0.59472524
0.16605618	0.60761904
0.124542092	0.6213187
0.105006224	0.5882784
0.17582412	0.6334066
0.15140412	0.65838824
0.11965813	0.65032964
0.13431004	0.6761172
0.15628825	0.685787568
0.122100116	0.7019048
0.21245424	0.7019048
0.03418814	0.67772892
0.012210102	0.7091575
0.031745974	0.7268864
0.16117222	0.7607326
0.12454228	0.781685
0.18559206	0.7953846
0.1807081	0.8018315
0.10256405	0.8034432
0.11233218	0.810696
0.14652014	0.8526007
0.1367522	0.8534066
0.10012207	0.838095236
0.12942626	0.86630032
0.09523828	0.8912821
0.04395626	0.8783883
0.08791216	0.917069536
0.029303812	0.88805852
0.046398064	0.92029304
0.122100116	0.9396337
0.13919419	0.96703292
0.13431022	0.96945052
0.02197804	0.9742857
0.18803424	0.99846152
0.095238104	0.9678388
0.15628843	1.0331136
0.13675202	1.0306959
0.1221003	1.0315019
0.031746156	1.0210256
0.04395608	1.0589011
0.21978038	1.0911355
0.15628772	1.0846886
0.10744839	1.1136997
0.14652014	1.1257876
0.15628807	1.1217582
0.078144216	1.1241758
0.114773976	1.1596336
0.124541916	1.1652746
0.19047656	1.1902565
-0.0048843296	1.1451281
0.068375912	1.1854212
0.12454228	1.2128205
0.15140412	1.2257142
0.06349231	1.2369963
-0.06349195	1.2031502
-0.026861826	1.2144322
0.08791216	1.2660073
0.20024414	1.2934066
0.024419842	1.2692307
0.173381968	1.3159706
0.05128239	1.3071062
0.0659343	1.3240293
0.195360176	1.3538462
0.10989001	1.3473992
0.11965831	1.3594872
0.12209993	1.3635164
0.026861826	1.3868864
0.13431022	1.3965567
0.102564424	1.418315
0.1416358	1.435238
0.083027824	1.4175091
0.1538461	1.4578022
0.1538461	1.46989
0.053723652	1.4618314
0.13186823	1.4739194
0.097680088	1.4819779
0.1221003	1.5126008
0.019535874	1.4948717
0.07570187	1.5254944
0.16361404	1.5601464
0.046398424	1.5472528
0.185591884	1.5786812
0.15628843	1.5835165
0.12942588	1.5827105
0.24175824	1.6165568
0.195360176	1.6125274
0.25396854	1.6423444
0.16605638	1.6415385
0.12942626	1.6399268
0.23687392	1.667326
0.29304028	1.69794868
0.32722808	1.7052014
0.3614162	1.71970684
0.37606848	1.725348
0.4273505	1.7454945
0.466422632	1.7551649
0.4395604	1.75919408
0.466422268	1.765641
0.4224669	1.766447
0.58608056	1.8043222
0.51037868	1.79062268
0.52991456	1.8228572
0.6617828	1.83575084
0.6227103	1.8317216
0.6471305	1.85106224
0.686203	1.86959716
0.7032965	1.86959716
0.7203908	1.887326
0.75213692	1.8978022
0.825396836	1.9187546
0.84249068	1.92681316
0.85958456	1.94212452
0.8766792	1.9324542
0.8913308	1.95260068
0.97924284	1.9727472
0.913309	1.9606593
0.9816849	1.9928936
1.0647135	2.0106228
1.067155	2.009817
1.0451765	2.01304
1.0744806	2.03641
1.137973	2.0557508
1.1843717	2.062198
1.2112326	2.0815382
1.2161172	2.0879852
1.2576308	2.0936262
1.2967033	2.112967
1.3211232	2.1161904
1.3992674	2.1403664
1.4090354	2.1540658
1.4505491	2.1524542
1.5384616	2.1790476
1.4993895	2.1838828
1.4993895	2.1838828
1.5628817	2.2048352
1.6263735	2.2257874
1.6752131	2.2346518
1.69474968	2.2378754
1.7338214	2.2539926
1.6556779	2.2314286
1.72893784	2.2652748
1.82906	2.3063736
1.7509158	2.2773626
1.7557996	2.2870328
1.9072042	2.3369964
1.9413916	2.3224908
1.9560442	2.3345788
2.0805856	2.3813186
2.0341876	2.37326
2.1147742	2.397436
2.1367522	2.397436
2.1489624	2.4224176
2.2002442	2.436923
2.188034	2.436923
2.2124538	2.4457874
2.3443222	2.4707692
2.3076918	2.4844688
2.4029302	2.511868
2.4517704	2.501392
2.4786324	2.5328204
2.4957264	2.530403
2.5006104	2.5400732
2.5714286	2.5658608
2.6373632	2.5739196
2.6715504	2.5980952
2.7399264	2.6134064
2.7960924	2.6271062
2.7081812	2.6432236
2.835165	2.646447
2.8840044	2.6810988
2.8400488	2.6690108
2.9865684	2.7101096
3.020757	2.7230036
3.118437	2.7471796
3.0573876	2.7407326
3.0891332	2.7512088
3.201465	2.7737728
3.2258852	2.779414
3.2136746	2.7826372
3.2844934	2.8156776
3.3382166	2.8422708
3.4017092	2.8551648
3.4749696	2.8801464
3.592186	2.900293
3.6263736	2.9212454
3.6996332	2.9357508
3.7362632	2.9558974
3.6312578	2.9389744
3.833944	2.993773
3.8608056	3.0203662
3.916972	3.0308426
3.95848568	3.0469596
4.102565	3.0936996
4.0830284	3.0856412
4.1733824	3.1178756
4.227106	3.137216
4.280831	3.15011
4.3760684	3.1678388
4.4322344	3.2113552
4.4713064	3.212967
4.564102	3.2452014
4.6373624	3.270989
4.703297	3.2879122
4.7521368	3.3
